nep4_dipole 2 O H 
cutoff 6 4 110 40
n_max 6 6
basis_size 10 10
l_max 4 2 1
ANN 10 0
  4.5930961e-04
 -9.8001264e-02
  5.8901752e-04
 -4.7675077e-02
  1.5394015e-03
  4.8818518e-05
  3.6467734e-01
  2.0820431e-03
 -1.0550565e-01
 -2.4551705e-03
  5.3707307e-04
 -8.4129121e-04
 -1.2821352e-02
 -8.3553040e-04
  1.4489055e-02
 -3.2867244e-01
  8.7518583e-04
  1.6821611e-03
  2.2411482e-04
 -1.1838821e-02
  1.1176349e-02
  3.6433046e-03
 -1.9341597e-01
  2.9361420e-03
  1.3513574e-03
 -2.9908965e-04
 -2.2232108e-02
  1.7922835e-02
  3.1988346e-03
 -5.6669707e-03
  3.0938443e-04
  7.7829341e-04
 -6.2606676e-05
  1.2728343e-03
  3.7970229e-03
 -1.3743710e-03
  9.3890069e-04
 -3.9407340e-04
  4.9490959e-04
 -3.8108800e-04
  3.4467806e-04
  1.7438194e-03
 -1.8676479e-03
 -3.2352535e-05
  5.1616074e-04
 -1.0312696e-03
  5.0838501e-04
  6.9469033e-04
 -4.5242585e-04
 -4.9575061e-05
  3.5135314e-02
 -1.0900296e-03
 -1.0495925e-01
  7.2068261e-04
 -2.5144947e-04
  4.1509435e-01
  3.6312170e-02
 -3.8534260e-01
  8.0815866e-04
  2.8696770e-04
 -1.7576191e-03
 -2.9901001e-01
  1.8101195e-01
  2.1501841e-01
 -8.5896164e-01
  1.4448984e-04
  1.5321251e-03
 -4.5939670e-03
 -1.8613118e-01
  2.0017159e-01
  2.3304069e-01
 -1.0112871e+00
  2.7874074e-04
  1.0915849e-03
  2.9014325e-04
 -1.5054867e-01
  1.8430290e-01
  1.6815442e-01
 -3.6071292e-01
 -1.1938878e-03
  2.0303081e-03
 -1.2075367e-03
 -4.7434781e-02
  2.6814302e-02
 -1.1471312e-03
 -1.5526143e-04
  2.1678951e-04
 -9.5636223e-04
  5.4238853e-04
 -1.0766429e-03
 -5.9217308e-04
 -1.0210366e-03
 -1.4628735e-03
 -1.2877020e-04
 -2.3801569e-03
  9.1410489e-05
 -7.2549202e-04
 -1.7325759e-03
 -1.6669809e-03
 -4.5026615e-01
  1.5426995e-03
 -1.2287622e-01
  2.3924251e-04
  4.8086490e-04
  2.6778969e-01
  4.3189310e-04
 -3.2654159e-02
  4.6212773e-04
  4.5296981e-04
 -1.5982716e-04
 -3.7841301e-04
  1.6212454e-03
  1.6493385e-03
 -1.3600898e-01
 -8.6214999e-04
 -1.3135355e-03
  1.0002421e-03
  9.1006473e-04
  8.8779684e-03
  3.2739970e-03
 -8.5721493e-02
  1.7979534e-03
 -2.4031039e-04
 -2.4769560e-04
 -2.9486693e-03
  7.8049251e-03
  4.3083378e-04
 -2.7796894e-04
  1.1134355e-03
 -5.6840037e-04
  6.7824767e-05
 -2.0472440e-03
  9.6803815e-05
  6.1798765e-04
  4.3963970e-04
  1.8153357e-04
 -9.1231625e-05
  1.9176086e-04
 -1.2500182e-03
 -3.5683168e-04
  7.3849427e-04
 -9.8889484e-04
  2.8125769e-03
  7.9355101e-05
 -7.6036761e-04
  1.9883325e-03
 -2.8091995e-03
 -1.0075000e-03
  4.4846244e-04
  3.0409155e-04
  1.5385159e-03
  3.3670830e-04
 -1.3241398e-03
  4.3149170e-04
  1.3043786e-03
 -7.2954706e-04
 -2.0808919e-04
 -7.8537530e-04
  1.7473688e-03
  2.3350951e-03
 -2.2800369e-03
  2.1324535e-03
 -1.2180932e-03
  7.8495126e-05
  6.3224055e-04
  3.0462164e-03
 -1.8347445e-04
  8.7879418e-04
  1.8481410e-04
  5.3289713e-04
  2.7923228e-04
 -2.4267135e-03
  2.0884036e-03
 -7.6849293e-04
 -1.5378958e-03
  2.1055478e-03
 -1.6247568e-04
  9.0104633e-04
  2.0833263e-04
  6.4762961e-04
 -1.5469855e-03
 -1.7723484e-03
 -2.4733497e-03
  2.0963048e-04
  3.6530131e-05
 -9.3058497e-04
 -1.3580694e-04
  1.1653807e-03
 -7.2573937e-05
  1.0187776e-03
  2.1669667e-03
 -5.2366202e-04
  7.2190037e-04
 -6.2896597e-04
  9.2811788e-05
 -3.4561547e-04
  4.2583112e-04
  5.2790165e-02
  5.1256217e-04
  3.9270416e-01
  4.2491790e-04
 -3.3846093e-04
 -8.7170464e-01
 -1.2307508e-01
  2.1896350e-01
 -1.2544782e-03
  5.6866865e-04
 -1.1070305e-03
  1.1049207e-01
 -1.8346015e-01
 -2.8077856e-01
  3.7524477e-01
 -3.6553151e-04
 -1.2003569e-03
 -8.2214805e-04
  3.7827945e-01
 -4.1644162e-01
 -2.3330101e-01
  2.2537008e-01
  2.7181080e-03
 -4.0473649e-04
  3.3124036e-04
  3.4160218e-01
 -3.8155708e-01
 -1.1565467e-01
  1.3458215e-01
 -1.5782231e-03
 -6.6356838e-04
  4.9093022e-04
  1.3413188e-01
 -1.4537683e-01
 -9.6468284e-04
  1.1969426e-01
 -1.0264927e-03
  5.2028289e-04
  9.9822984e-04
 -6.0147664e-04
  1.1238273e-03
  9.7900024e-04
  2.3683982e-02
 -2.8691368e-04
 -1.5553240e-03
  2.8494620e-04
  5.9438951e-04
 -2.1112198e-03
  4.3971289e-04
 -1.6924979e-02
 -1.7346400e-04
 -1.3836552e-01
  1.2155364e-03
 -9.3958492e-04
  1.6675635e-01
 -1.2457120e-03
 -6.0651217e-02
 -4.0992035e-04
 -2.5018130e-03
  5.6249840e-04
 -1.8163319e-03
  1.1516673e-03
  1.7569505e-03
 -2.4560673e-02
 -2.5988455e-04
 -8.6215754e-05
  2.6467997e-03
  1.3423885e-03
 -1.1054125e-03
  4.3625824e-04
 -6.4156093e-02
 -1.7103390e-04
 -2.1043518e-03
  3.5218574e-05
  9.0492656e-04
 -3.5837764e-04
  6.3367572e-04
 -2.6461543e-04
 -9.7509020e-04
 -2.4593684e-03
 -1.0382064e-04
 -1.1751590e-03
 -1.8828820e-03
  3.9190450e-04
  7.3004887e-04
  9.8281086e-04
  1.7277771e-04
 -6.5687777e-06
 -8.5542974e-04
 -8.2630757e-04
 -6.9144397e-04
 -1.3783867e-03
  6.6489144e-04
  2.1978237e-03
  3.3890337e-04
  6.3803000e-04
 -2.0552694e-03
 -3.8694337e-04
  4.7858834e-04
  2.5369169e-03
 -1.3865646e-03
  1.5811021e-04
  1.4419848e-03
 -7.5755786e-04
 -3.0036688e-05
 -5.8764458e-04
  9.0434664e-04
 -2.9036470e-04
 -8.7757542e-04
  6.4492447e-04
  1.2018804e-03
  5.5026839e-04
 -8.7295550e-05
 -8.5589301e-04
 -8.3195693e-05
 -8.1985979e-04
  1.2113239e-03
  6.7069917e-04
 -2.9403262e-04
 -4.3146833e-04
  6.4059161e-04
  3.4934570e-04
  9.8879833e-04
  1.8175376e-03
  7.1507477e-04
  1.2457772e-03
 -6.0090708e-04
 -1.9822665e-03
  9.3252526e-04
 -1.1722789e-03
 -1.0230901e-03
 -3.9255057e-05
 -4.1535564e-04
  6.6152401e-04
  5.3354066e-05
  1.6452919e-03
 -6.4140186e-04
  3.1010998e-06
  6.2054629e-04
  3.8695600e-04
 -8.1813725e-04
  8.6322456e-04
 -2.7142151e-04
 -3.4792263e-03
  1.4800068e-03
  8.7904127e-04
 -1.7687081e-03
  1.3939835e-03
 -1.0193933e-03
 -3.5708532e-04
 -2.3713766e-03
  3.0107039e-03
  1.7598971e-03
 -1.5967902e-04
  7.0467201e-04
  1.1620726e-03
  3.3225110e-04
  1.0065717e-03
  1.1769264e-03
 -3.8660274e-04
 -1.9494611e-03
  2.3177629e-03
 -7.5837399e-04
 -7.5850141e-04
  1.2294506e-03
  1.3756019e-03
  2.4227003e-04
 -2.6555886e-04
  4.2372406e-04
  1.1194599e-03
  2.1743069e-03
  7.2436401e-04
  1.1203613e-03
 -3.9334018e-03
  1.0112174e-04
  1.3503513e-03
  7.9214642e-06
  2.8325550e-04
 -1.2603854e-03
 -1.8153131e-03
 -2.5337850e-04
 -3.0152765e-03
 -5.9328438e-04
 -1.0542881e-03
 -1.7154049e-03
 -5.6822452e-04
  1.0181734e-03
  3.3069442e-05
  9.2109822e-04
 -1.4152568e-03
 -2.7302364e-04
  4.6160372e-04
  1.2523968e-03
 -1.0839053e-03
  3.9541290e-05
 -4.4842568e-04
 -5.9039280e-04
  1.4970615e-03
 -4.1729084e-04
 -8.4344624e-04
 -5.6181086e-04
 -3.1211090e-03
 -1.1017167e-03
  6.3266850e-04
  1.7349914e-05
  1.8986483e-03
  1.2235407e-03
  1.4668546e-03
  1.5443121e-04
  5.9079230e-05
 -3.8570955e-03
 -1.2344352e-03
  3.2794432e-04
  9.3412196e-04
  8.4866019e-04
  1.4774371e-03
  6.1801216e-04
 -1.5608283e-03
 -4.6364451e-04
 -3.6403902e-03
  2.0594858e-03
  1.6620987e-03
  7.6153997e-04
 -4.2421388e-04
 -5.5586389e-04
  2.0589780e-03
  4.1199045e-04
 -8.4557815e-04
 -2.7874929e-03
 -4.5383486e-04
  1.2745507e-03
 -1.7807810e-04
  2.0266778e-03
 -3.6844800e-04
  8.4815745e-04
 -7.0433359e-04
  1.6987385e-03
  1.9439494e-05
  9.0204534e-04
  4.3414173e-05
 -7.3485462e-06
 -1.3662095e-04
 -1.4562361e-03
 -1.5166480e-03
 -1.3241910e-04
  8.9059240e-04
  2.4900073e-04
 -4.2686533e-04
 -3.0433919e-04
 -4.3604820e-04
  8.1314152e-04
  1.0952685e-03
 -2.1100924e-03
 -3.9622549e-04
  1.3914150e-03
 -1.7594883e-03
  9.1045885e-04
  2.5815578e-04
  1.3161764e-03
 -3.0984622e-04
 -2.2366941e-04
 -2.3618627e-03
  4.9541442e-04
 -3.0047851e-04
 -6.1297225e-04
 -1.0469391e-03
 -2.6289659e-04
 -4.1658196e-04
 -2.4198837e-04
  2.2241368e-03
  1.0741348e-04
  2.0381925e-04
  2.1434495e-04
  7.7254261e-04
 -6.1831583e-04
 -3.7754019e-04
 -1.6237500e-04
 -1.7670972e-03
 -1.1545285e-03
  3.8122642e-04
  6.3227100e-04
  1.6733016e-03
  2.5618598e-03
  6.5739057e-04
 -9.7225985e-04
  1.9898238e-03
  6.6731678e-04
 -4.9940113e-04
  8.8028412e-04
  7.2868314e-04
 -1.3582247e-03
 -2.3874785e-03
  5.5710279e-06
  7.8702922e-04
 -7.4786261e-02
 -1.6460924e-03
  2.6446988e-04
  5.3383734e-02
  4.0021562e-03
  6.0965074e-04
  1.0286744e-03
  5.3061591e-04
 -1.5136199e-03
 -5.4007459e-01
 -9.6804476e-01
 -3.9590669e-01
  1.4185123e-03
  1.6199281e+00
 -2.5960478e-01
 -1.1564301e-03
 -9.2790222e-05
 -2.7485450e-03
 -2.4323829e-03
 -3.0029617e-04
  1.3341218e-03
 -3.4336807e-04
 -5.0109060e-04
  9.5414311e-05
 -4.8720874e-04
 -1.8615696e-03
 -8.1620237e-04
 -2.6821552e-04
  7.0377364e-04
 -6.8948860e-04
  3.1965438e-04
  8.3641557e-04
  1.2104902e-03
  1.1191866e-03
  8.0291822e-04
  2.9102029e-04
 -5.6757865e-04
 -1.3885117e-04
 -6.1248697e-04
  2.5869781e-04
 -8.6291454e-04
 -7.5131888e-05
  7.2801544e-05
 -1.2415748e-03
  7.7440287e-04
  1.6346847e-04
  8.3562505e-04
  7.4434379e-04
  6.2810833e-04
  4.2857410e-04
 -6.1990746e-04
  1.1906571e-03
 -1.3204118e-03
  1.0096249e-03
 -3.7307062e-04
  2.5169065e-04
  1.0405093e-03
  1.4420230e-05
  1.1414812e-04
  4.6016320e-04
 -1.5318311e-03
  3.3206973e-04
  2.7470634e-04
 -2.0556364e-03
 -9.4514922e-04
  4.7913301e-04
 -1.0111997e-03
  2.5842048e-04
 -1.5018231e-04
  1.7967976e-04
 -6.9184002e-04
 -5.8725971e-04
  6.3039194e-04
 -1.8288238e-03
  1.3252046e-03
  6.6948007e-04
 -6.5065047e-04
 -5.4027879e-04
 -1.5354900e-03
 -1.2290726e-03
  4.2299944e-04
 -4.6254092e-04
 -3.3854903e-04
 -6.9989765e-04
 -9.2541741e-04
  5.8255240e-04
 -3.0766186e-04
  6.3736673e-04
 -5.9118605e-04
  5.5043860e-05
  2.1998456e-03
  9.9949376e-04
 -9.3308039e-04
 -7.0676615e-04
  7.2463631e-04
 -5.6464050e-04
 -1.1229552e-03
 -3.0251592e-04
 -1.1429958e-03
  7.7542104e-04
 -5.7274482e-04
 -2.5677946e-04
  9.4321855e-05
  3.5889677e-04
  4.0068702e-05
  1.0858321e-03
 -1.6497165e-03
  1.2286056e-03
 -1.1912498e-03
 -2.4640787e-04
  1.6283492e-03
  7.9244048e-05
  9.2740013e-04
 -3.4429089e-04
 -9.9291641e-04
 -9.6850516e-04
  1.3382748e-03
  2.6240965e-04
  1.4247136e-04
  1.0946711e-04
 -2.9540280e-04
  6.9585396e-04
 -4.8057933e-04
  3.6230721e-04
  8.7682175e-04
 -1.1568844e-03
  4.9213419e-04
 -1.9757408e-05
 -2.3423883e-04
 -6.2650832e-04
  6.1213673e-04
 -7.3057826e-04
 -8.2607259e-04
  1.7852150e-03
  5.7906436e-04
 -4.4269621e-04
  7.4385828e-04
  8.2273182e-04
 -4.3193574e-04
 -9.2758087e-04
  7.9217722e-04
 -7.5081148e-04
 -3.2335002e-04
 -1.0585878e-03
  5.8130804e-04
 -5.7094218e-04
 -1.0916344e-03
  5.5839075e-04
  1.9919478e-04
  1.6003553e-04
 -1.7796327e-04
 -1.0700217e-03
  6.1563484e-04
 -1.0361618e-03
  9.8681054e-04
 -1.0009423e-04
 -6.6487544e-04
 -8.8178649e-06
 -2.4758128e-04
 -3.7686483e-04
 -1.1299714e-04
  9.4348215e-04
 -1.0614309e-04
 -4.6005237e-04
 -7.0984638e-04
  8.1366998e-05
  1.2433488e-04
  1.5894521e-03
  1.4473029e-04
 -1.0267694e-05
  2.8439347e-06
  9.8628749e-04
 -5.5034139e-05
  4.9464154e-05
  7.9864741e-04
  4.1970107e-04
  5.8537553e-04
  4.0173286e-04
  1.7806102e-03
 -1.2075776e-03
  1.0918236e-04
  2.4350998e-03
 -3.8151623e-04
 -2.2379976e-05
 -3.6439169e-04
 -4.3694398e-04
 -1.1072364e-03
 -1.6070119e-04
 -6.3851255e-04
 -8.6337450e-04
 -2.0313314e-04
 -2.3986003e-04
  9.1455318e-04
 -3.8801605e-04
  1.0845811e-03
 -9.2081144e-05
 -1.3580394e-03
  9.4772282e-04
  9.2424644e-04
 -7.2428532e-04
 -2.6597982e-04
 -1.7554892e-03
 -1.8867840e-04
 -6.7406404e-04
 -2.4916322e-04
  5.5556546e-04
  5.9285096e-04
  7.5178710e-04
 -2.2265066e-03
  1.5901600e-03
  5.1735865e-04
  4.9481954e-05
 -5.9105165e-04
  7.9412886e-04
 -3.2603031e-05
  7.1163691e-04
 -1.5196149e-04
 -4.9353513e-04
 -1.3566772e-03
  2.3032420e-03
 -2.9651870e-04
 -9.2319722e-05
  1.4270460e-03
  3.1488648e-04
  7.4114250e-05
  6.9926050e-04
  1.0153499e-04
 -3.2769574e-04
 -1.6191672e-04
  1.1648099e-03
 -5.0899357e-04
  1.1970468e-03
  5.7806721e-04
 -3.6826299e-04
 -2.3404018e-04
  7.8844692e-04
  5.8455626e-04
  1.5839729e-04
  4.7060518e-04
  3.4756892e-04
  1.9100669e-03
 -4.1881247e-04
 -2.4768204e-04
 -7.6523452e-04
 -3.1408126e-04
 -8.1152318e-04
  2.7198624e-04
  1.1595518e-04
  7.7400700e-04
  2.7632076e-04
  4.4975767e-04
  1.0818533e-03
  5.0615898e-04
  1.0637703e-03
 -7.0404675e-04
  1.3006324e-03
 -5.8582454e-04
 -1.4381135e-03
  6.8450801e-04
  1.1728978e-03
 -1.3267869e-04
  5.4343272e-04
  2.8068473e-04
 -1.5141082e-03
 -8.9370314e-04
 -6.3212396e-04
  8.9553377e-04
 -5.3175946e-04
 -1.1416981e-03
  7.3926285e-04
 -1.5592728e-04
 -4.7256882e-04
 -3.4762622e-04
  6.5102751e-05
 -8.8656053e-04
 -1.3572696e-03
  7.8414037e-04
  4.5649376e-04
 -2.5065138e-04
  1.1212243e-04
 -1.3382805e-03
  8.3896983e-04
  9.5076975e-04
 -8.6875877e-04
  9.5162779e-04
  2.8941786e-04
 -9.5141697e-04
 -8.3849742e-04
 -1.5994895e-03
 -4.5518941e-04
 -7.1481190e-05
 -2.9144657e-04
  1.2377687e-03
 -2.6974655e-04
 -1.2625067e-03
 -1.7379848e-03
 -2.6030600e-04
  6.6760834e-04
  3.5768683e-04
 -1.6895074e-03
  1.1141964e-03
 -1.2218916e-03
 -3.5716005e-04
  1.2118511e-04
  1.8227188e-03
  9.8619831e-04
 -5.2135321e-04
  5.5094418e-04
 -2.0832133e-03
  9.9959594e-05
  1.1187148e-03
 -3.2884796e-04
  8.4792374e-04
  1.0847565e-04
  4.4298219e-04
  1.7394829e-03
  2.5887759e-05
  7.1298698e-04
 -5.5076143e-05
  5.1751453e-04
  3.0782277e-04
 -5.8607315e-04
  6.9977883e-05
  1.1569873e-04
 -3.0295379e-04
  3.0450113e-04
  8.7730767e-04
 -2.7696413e-04
  1.0669573e-03
 -8.3737902e-04
 -1.0209552e-03
 -2.3370713e-03
  1.6461555e-03
  4.7896328e-04
 -1.3994658e-03
  2.6532973e-04
  5.5460271e-04
 -5.8292580e-04
  3.2276553e-04
 -1.0744542e-03
  3.5870174e-04
  1.5203948e-03
  3.4430280e-04
 -3.9384179e-04
  4.5811767e-06
 -3.9735623e-04
 -6.8936613e-04
 -1.2375786e-03
  8.4411475e-04
 -3.6788295e-04
 -7.7279983e-04
 -4.7350558e-04
  4.7248541e-05
  1.1594981e-03
 -1.0423566e-03
  1.8233791e-04
  1.0879287e-03
 -9.7886391e-04
 -1.8108780e-04
  5.4647634e-04
  1.2378636e-03
  1.7767658e-03
 -1.5506883e-04
 -2.1827137e-03
  6.1647006e-04
  3.0122857e-04
  4.7290485e-04
 -1.9525576e-03
  6.3086895e-04
 -4.8405441e-04
  3.4954428e-04
  8.9202332e-04
 -1.0386393e-03
 -8.4593834e-04
 -9.3917199e-04
  1.1842208e-04
  6.3866074e-04
  4.7708789e-04
 -1.4664695e-03
 -1.4144060e-03
  2.2018379e-04
 -1.5824959e-03
  1.0392276e-04
 -4.7276524e-04
 -1.0646586e-03
 -5.1140279e-04
  9.0534845e-04
  4.7865210e-04
 -9.0186979e-05
 -4.7329572e-04
 -7.4710202e-04
 -5.3603802e-04
 -2.1464632e-04
  7.5401185e-04
  1.0582473e-03
  4.3630679e-04
  4.0053340e-04
  3.8693534e-04
 -4.4784372e-04
 -1.0041367e-03
 -1.0177623e-03
  4.5609727e-04
  2.4517722e-04
  4.4998244e-05
 -1.1061510e-03
  4.6329512e-04
  2.5504248e-03
  9.2451155e-06
 -1.5902930e-05
 -4.2319822e-04
 -9.8093902e-04
 -5.6771014e-04
 -5.9500977e-04
 -4.7977440e-04
  1.2570007e-03
 -5.4612354e-04
  2.6875152e-04
 -2.1235277e-04
  6.4561842e-04
 -2.7914171e-04
 -1.3059956e-03
  1.3159990e-03
 -8.7631698e-04
 -1.1091477e-03
  1.3403110e-04
  1.1279664e-03
 -7.4063148e-04
 -1.1812914e-04
 -1.2315316e-03
 -8.0405909e-04
  9.5685355e-05
  5.3411187e-04
  3.6995363e-04
 -1.1374535e-03
  2.3059551e-04
  1.6083126e-03
 -8.5551743e-05
  3.1271274e-04
  3.0819767e-05
 -1.1804177e-03
  1.0648451e-04
  1.9982115e-03
  1.2657611e-03
 -2.6803800e-05
  1.0930602e-03
 -1.2412530e-03
  1.3354103e-03
  2.4062658e-03
 -1.2850999e-05
 -2.7238583e-04
  1.6489277e-04
  2.0752482e-03
 -1.2806883e-03
  3.1399881e-04
 -7.7644730e-04
 -2.0069189e-03
  1.0449590e-04
  6.3748780e-04
 -9.3915430e-04
 -7.0045993e-05
 -2.0025080e-04
  7.8934763e-04
 -7.0450478e-04
  1.0590340e-03
  5.1980623e-04
  2.1777968e-03
  2.0720020e-04
  4.8553609e-04
  3.2306230e-04
 -3.3357629e-04
 -1.7203102e-04
  1.1129382e-04
 -5.8244186e-04
 -9.9431374e-04
 -3.5477860e-04
 -1.7478388e-04
  3.3315807e-04
 -1.1915734e-04
 -1.3091561e-03
  1.7238784e-04
  6.1205516e-05
  9.4844279e-04
 -7.5190142e-04
  9.2306710e-04
  1.4958339e-03
  1.6572438e-04
  1.0967681e-03
 -1.1118882e-03
  7.8491936e-04
  8.5776078e-04
  1.8300855e-04
 -9.7740255e-04
 -1.4279305e-03
  1.4629076e-03
  1.3082874e-03
 -9.6559103e-05
  3.0548600e-04
  1.5739705e-03
 -9.1036258e-04
  1.8771726e-03
  8.8540802e-04
  1.1615058e-03
 -2.9148709e-04
  1.4261070e-03
 -6.7980291e-04
 -1.0514000e-04
  1.0392457e-03
 -2.7906842e-04
  1.7014589e-03
 -3.7218558e-04
 -1.8786521e-03
 -5.9090782e-04
 -2.3280286e-04
 -1.2346112e-05
  1.8500896e-03
 -9.0112817e-04
 -2.6532914e-04
  7.6662924e-04
 -2.1803453e-04
  6.0364685e-04
 -9.7694749e-04
  1.1943388e-03
 -6.7673980e-05
  2.3790973e-03
  1.1210222e-03
 -7.7347577e-05
 -1.1602162e-03
 -7.5540208e-04
 -2.7187695e-04
 -2.6826651e-03
 -1.0054964e-03
  4.7317904e-04
 -9.9852262e-04
  1.5453668e-03
 -1.0236345e-03
 -1.8582697e-03
 -5.1781349e-04
  3.7903289e-04
  1.6175425e-03
 -4.1506300e-04
 -7.1255094e-04
 -9.9280323e-06
  1.1480215e-03
 -5.9706229e-04
  3.4591500e-04
 -3.5299422e-04
 -1.4178624e-03
  1.7075117e-03
  3.8853980e-04
 -2.0694130e-04
  2.9034432e-05
 -1.9298663e-04
 -3.8953475e-04
  7.6216861e-04
 -4.2425870e-04
  1.3306295e-03
 -2.3707599e-04
  1.3850622e-04
 -1.3436781e-03
  7.7309570e-04
  1.6156917e-03
  2.0295380e-04
 -1.7815734e-03
  8.7381643e-04
  1.7715218e-04
  1.4293441e-03
  4.0494086e-04
  6.1373884e-04
  6.6001719e-04
  2.0234952e-04
 -4.1095298e-04
 -1.0003957e-03
  1.2387013e-03
 -1.1521266e-03
 -2.8242013e-05
  7.7574508e-04
  1.1838202e-03
 -8.1162923e-04
 -1.3399154e-03
  2.8038826e-03
 -1.1219282e-03
  2.0733699e-03
  2.3005515e-02
 -1.7230401e-02
  1.4695124e-03
  6.4532348e-04
  5.2476954e-04
 -9.8596200e-02
  5.2552123e-04
 -2.6470062e-04
 -3.0907383e-04
 -1.0971927e-02
  1.3277008e-03
 -7.3768396e-04
  7.2766514e-03
  5.5103481e-01
  8.9668395e-04
 -1.9275256e-04
  2.8098149e-03
  4.7227815e-01
 -9.5700518e-05
 -2.0547562e-04
  1.0420136e-01
  1.8408708e-01
  1.2672808e-03
 -8.4992056e-04
 -6.2124408e-04
 -7.3454154e-01
 -1.1487234e-03
 -1.5578003e-03
 -1.9170149e-01
 -3.0342987e-01
  7.7596516e-04
  1.0569560e-03
 -4.1851670e-01
 -1.1705837e-01
  2.1852860e-04
  1.1501075e-03
 -9.1727608e-04
  4.3628740e-04
  4.4767733e-04
 -1.5198485e-03
  2.5347827e-03
 -1.9741608e-04
 -1.3125371e-03
  1.4588699e-03
  4.4455228e-05
  6.7060493e-04
  8.6747628e-04
 -1.1426669e-04
 -8.1376010e-04
 -7.5900881e-04
  5.0336134e-04
 -6.6181918e-04
  4.0639142e-04
  1.2872076e-03
  1.3747190e-04
  1.2333778e-03
  2.3793496e-04
 -4.0797133e-04
  6.6830724e-04
 -2.9691387e-04
  5.2635797e-04
 -4.2581782e-04
 -8.1857404e-04
  1.5650657e-03
 -5.3740898e-04
  1.3923523e-03
  6.3296749e-05
 -6.3842587e-04
  3.8954304e-04
 -2.0063473e-03
 -5.8811496e-04
  6.0365684e-05
 -2.0111816e-03
 -1.7006715e-03
 -2.3267616e-04
  2.6106150e-06
  1.8709473e-03
 -1.5959057e-03
  3.8691668e-04
 -4.7000268e-04
  2.2706878e-04
 -2.1755051e-02
  4.7398725e-04
 -3.0102956e-04
 -3.9249491e-03
  2.5702173e-01
  1.0873124e-03
  6.8886904e-04
  9.3213707e-02
 -1.7503141e-01
  8.5616577e-04
 -1.3142176e-03
  2.0605715e-03
 -1.7214291e-01
 -5.9383764e-04
 -4.5255106e-04
 -1.2504786e-01
 -1.5107083e-02
  1.3488175e-03
  8.2915166e-04
  2.1206185e-02
  2.7612218e-01
  1.4184957e-04
  6.0838409e-04
  4.0325634e-02
 -3.7148573e-02
  8.1437459e-04
  2.3051270e-04
 -5.3975016e-02
  3.6460940e-02
 -3.9109142e-04
  4.4721754e-05
  7.2916178e-04
 -1.7646959e-02
  1.3003994e-03
  2.2686669e-03
  9.6614011e-02
  1.7589299e-01
  4.3067013e-04
 -4.4099288e-04
  1.3341829e-01
  1.6517027e-01
  3.8549912e-04
  1.4579932e-05
  1.6369217e-03
 -1.6263254e-03
  3.4436077e-04
 -1.1029668e-03
 -7.1237411e-04
 -2.5176913e-03
  9.9853333e-04
 -8.1932748e-04
  2.1715348e-03
 -1.8921650e-05
  8.6116040e-04
  3.6789759e-04
  1.8206026e-03
 -4.0448445e-05
 -7.5605838e-04
  8.5573811e-05
  6.5766281e-04
 -9.8497595e-04
 -1.1898186e-03
 -1.3690525e-03
  1.5654183e-03
  1.5052866e-04
  5.9668883e-04
 -1.7945253e-03
 -6.9231121e-04
 -2.5372845e-03
 -1.0202804e-03
 -8.8653287e-05
 -2.9284570e-03
 -2.4873107e-03
 -1.3637233e-03
  8.1683125e-04
  6.2538608e-04
  8.9939439e-04
  8.5802429e-04
  9.0991321e-04
 -9.9325622e-04
 -1.7476833e-03
 -2.1317731e-04
 -3.2288127e-04
  1.0273717e-03
 -3.5426486e-04
  3.8186857e-04
 -1.5691431e-03
 -8.8322570e-04
  4.6633085e-04
  1.5758674e-04
  5.9616816e-04
  5.7346094e-04
 -1.1729137e-03
  1.7621577e-03
 -6.7826669e-04
 -1.0370513e-03
  1.2496719e-03
 -2.6502774e-05
  1.6507268e-04
 -6.2774867e-05
  1.4354970e-03
 -6.0096034e-04
 -2.2496436e-04
 -7.7732000e-04
  1.2963312e-03
 -2.6432343e-04
 -8.5855369e-04
 -4.0378637e-04
  2.9708614e-04
  2.0831660e-04
  5.2733376e-04
  7.8733463e-04
  1.6292777e-03
 -1.7005784e-03
 -3.6925040e-04
  1.7141491e-03
 -1.0033111e-03
 -1.1729231e-03
  5.7500642e-04
 -1.2208226e-03
 -3.7324286e-04
 -1.2882844e-03
 -2.4629387e-04
  2.6223713e-03
 -2.1281310e-03
 -1.6311920e-04
  8.9816836e-04
  2.7690486e-03
  2.0575139e-03
  7.2159205e-04
  2.1359094e-03
 -1.7550927e-02
 -6.3956901e-02
 -1.6028668e-03
 -7.0760791e-05
  2.3999116e-01
 -1.1115752e+00
 -1.8441061e-03
 -7.7400147e-04
 -1.9871566e-01
  3.5210088e-01
 -5.5353943e-04
 -1.4148765e-04
 -4.5730718e-03
  7.3756647e-01
  7.6990109e-04
  8.5553492e-04
  1.3453276e-01
  9.0824164e-02
  9.2438812e-04
 -6.7071880e-05
  7.5888187e-02
 -4.2980260e-01
 -3.5444878e-05
 -7.3770719e-04
 -1.7942408e-02
 -5.6646895e-01
  1.6032013e-03
  1.0497784e-04
  2.8184459e-02
 -1.5861869e-01
 -2.8508930e-05
 -5.6149485e-04
  1.0494226e-01
  1.3417350e-03
  1.7429575e-04
 -3.3302631e-04
  8.7220661e-02
  1.5473731e-01
  4.9019436e-04
 -1.2611195e-04
  1.8049404e-02
  9.3150519e-02
  1.5863474e-04
  1.2455307e-03
 -7.1351649e-04
 -1.5129106e-01
 -1.6756597e-04
 -6.2164420e-04
  1.1479264e-03
 -5.4945759e-02
 -5.6922249e-04
 -4.2535018e-04
  2.4200281e-02
  1.6522209e-01
  8.0647209e-05
 -1.3458552e-03
 -2.2715306e-01
 -2.1346758e-01
  3.9506493e-05
  1.3478189e-04
  3.7181251e-02
 -2.3013686e-01
  2.2713406e-04
  6.9440447e-04
 -1.3657076e-03
 -4.4452634e-02
  3.5012382e-04
  2.5317346e-04
 -3.5551527e-01
 -5.8817200e-04
 -1.1934276e-03
 -7.4105219e-06
  3.6199209e-01
 -4.1215412e-02
 -2.0746251e-04
 -8.8898040e-04
 -2.2790144e-01
 -1.5190634e-01
 -2.3609940e-03
  2.1934174e-03
 -3.8182369e-04
 -1.6068573e-01
  9.8779028e-06
 -9.2535949e-04
  2.0021832e-01
 -2.7840483e-01
 -6.5407285e-04
 -2.7745232e-04
 -7.2102547e-02
 -5.4974473e-01
  1.5548277e-03
 -5.0615380e-04
  6.1637396e-04
 -2.0592542e+00
  1.9055032e-04
  3.9298295e-05
 -4.9830470e-03
  1.1657379e+00
  5.7635410e-04
  5.4561067e-04
  9.0386540e-02
  1.2958109e+00
 -6.0648652e-04
 -1.1856731e-04
 -1.3932415e-03
 -5.0414044e-01
 -9.8924991e-04
  1.7217133e-03
 -1.6815770e-02
 -1.0441209e+00
  3.2044455e-04
 -4.0428466e-04
  3.1385212e-03
 -3.8263163e-01
  4.1865162e-04
  7.6915754e-04
 -6.0757585e-02
  9.9095635e-02
  3.1830685e-04
  9.6995221e-04
 -5.4441042e-02
  1.3933237e-01
 -3.5165060e-05
  9.2816961e-05
  1.2424612e-01
  6.8698429e-02
  6.9681770e-04
 -1.8259132e-03
  8.8686697e-02
 -2.1274388e-02
 -1.0324343e-03
 -1.2621217e-03
  1.4682981e-03
  4.1393690e-05
 -4.7731001e-04
  7.0751086e-04
 -2.1888415e-04
 -3.9543436e-04
  4.0768535e-04
 -3.0218731e-04
  1.4033142e-03
  5.1149761e-04
  2.9180673e-04
  1.1225830e-04
  2.2915716e-03
  7.3756505e-04
 -1.2635034e-04
  2.7869496e-04
 -2.2779447e-04
  3.8268909e-04
  3.2434773e-04
 -1.0910347e-03
 -4.3444784e-04
  3.3191437e-04
 -2.4127357e-03
 -2.9627135e-04
  4.0094519e-04
  3.2124377e-04
  1.4122864e-04
 -1.2567769e-03
  2.7741454e-04
  8.6529262e-04
 -7.6439168e-04
 -1.5214195e-04
  4.1057341e-04
 -1.4994370e-03
 -9.3772460e-04
 -1.0389185e-04
  1.0280350e-04
  4.6039000e-04
  2.2065623e-04
  2.3896336e-04
 -3.5297606e-04
  1.9716152e-03
 -4.0094825e-04
  6.2156213e-04
 -4.4812314e-04
  4.2391852e-03
 -3.7243477e-05
 -7.4594264e-04
  1.5404265e-04
  6.5452629e-04
  5.5156479e-04
  6.6078699e-04
 -7.1701186e-04
  3.5141021e-04
 -5.5929000e-04
 -6.7534926e-04
 -1.9922541e-03
  1.6431703e-04
 -3.9321851e-04
 -5.8237818e-04
  1.9921977e-03
 -1.0715231e-03
 -1.0825461e-05
  9.7744097e-04
  3.4487995e-04
  1.4646760e-04
  8.7427662e-04
 -1.7846830e-04
  1.5129533e-03
 -1.5770530e-03
  8.6149300e-04
 -1.9136180e-04
  1.5987563e-03
 -6.6694010e-05
  1.0507940e-03
  2.5142080e-04
 -1.2290096e-03
  3.1537592e-04
  1.0928450e-03
  9.4623865e-05
  1.3165501e-03
 -7.7334745e-04
 -1.9839521e-04
  1.1980415e-03
 -5.3005514e-04
 -7.9611072e-04
 -9.1651070e-04
  1.4558488e-03
 -1.8364046e-03
  1.7832365e-03
  1.3691682e-04
  1.1295642e-03
  2.6715573e-04
  2.4157187e-03
 -4.3135323e-04
  4.3272303e-04
  1.5856490e-03
  1.4214155e-04
  1.2227232e-03
  1.9023057e-04
  2.0937116e-05
  1.5953713e-03
  1.5426131e-03
 -8.2283595e-04
 -1.1988414e-03
 -5.7997281e-04
 -8.1933034e-04
  1.3780517e-05
  3.4104980e-04
  8.1706257e-04
  2.6152181e-04
  1.9610275e-03
  2.2766438e-04
  4.1647902e-05
  7.7145494e-04
  5.1361980e-04
  1.2234002e-03
  3.7931900e-03
  1.1353177e-03
  3.0826565e-04
 -1.2478538e-04
 -2.4827608e-04
  8.8129903e-04
 -1.0283376e-03
  2.8792050e-04
  1.2614313e-03
 -4.7581128e-05
  8.6239364e-04
  1.5432279e-03
 -1.9804391e-03
 -1.0137015e-03
 -9.9718152e-04
  3.7982788e-02
  1.7881301e-01
 -8.0806256e-04
  4.1042811e-05
 -1.0180827e-03
  1.0705675e-01
 -4.9328449e-04
  1.7722342e-03
  1.2534225e-03
  1.2455878e-01
 -9.4605132e-04
 -4.4568314e-04
  5.5966880e-02
 -1.5398455e-01
  1.3601870e-04
 -3.7290898e-04
 -4.7811004e-04
 -7.5917812e-03
 -6.9957192e-04
  8.4261369e-04
  7.3385537e-02
  3.4760615e-01
  8.0829079e-04
  8.8763027e-04
 -5.5551232e-06
  7.7588731e-01
  4.2600176e-04
 -2.4811394e-04
  5.6508533e-04
  8.5733384e-02
 -2.2716715e-04
  3.3651429e-04
  1.4332260e-01
 -4.4663146e-01
  1.5264594e-03
 -6.6669012e-04
 -4.6564551e-04
 -2.1503222e-01
  1.1012021e-04
 -8.9230671e-05
  7.0044130e-02
  1.1192087e-01
  1.3687772e-03
 -5.4644054e-04
 -5.6279484e-02
 -3.9751907e-03
  7.6228584e-04
  1.7033968e-04
  2.2870635e-03
  9.7239271e-02
 -1.1674535e-03
 -3.4259993e-04
 -8.2487591e-02
 -3.2454106e-01
  7.9780037e-04
  6.8783661e-04
  2.9648542e-03
  1.7738771e-01
  1.1872107e-03
 -6.2451686e-04
 -8.4561814e-04
  1.4248373e-01
  4.0779685e-04
 -4.1002230e-04
 -1.9702519e-01
  9.9592254e-02
 -5.9753103e-04
  1.0510706e-03
  1.7362015e-01
  3.0716574e-01
 -6.3607941e-04
 -6.1223441e-04
 -1.8066937e-01
  4.1785645e-01
  4.0961555e-04
  1.7653433e-04
 -1.4328459e-01
 -3.0454325e-02
 -5.7980017e-04
  5.9393630e-04
  1.4522818e-01
 -6.1679530e-01
 -4.0223257e-04
  2.6640064e-06
 -2.2594438e-01
 -5.5808491e-01
 -1.4872755e-03
  4.2131919e-04
  2.2089034e-02
  2.2089034e-02
  2.2089034e-02
  2.2089034e-02
  2.2089034e-02
  2.2089034e-02
  2.2089034e-02
  2.5242958e-02
  2.5242958e-02
  2.5242958e-02
  2.5242958e-02
  2.5242958e-02
  2.5242958e-02
  2.5242958e-02
  8.0110375e-03
  8.0110375e-03
  8.0110375e-03
  8.0110375e-03
  8.0110375e-03
  8.0110375e-03
  8.0110375e-03
  4.5292098e-03
  4.5292098e-03
  4.5292098e-03
  4.5292098e-03
  4.5292098e-03
  4.5292098e-03
  4.5292098e-03
  4.7784154e-03
  4.7784154e-03
  4.7784154e-03
  4.7784154e-03
  4.7784154e-03
  4.7784154e-03
  4.7784154e-03
  2.3544026e-03
  2.3544026e-03
  2.3544026e-03
  2.3544026e-03
  2.3544026e-03
  2.3544026e-03
  2.3544026e-03
  1.3647575e-03
  1.3647575e-03
  1.3647575e-03
  1.3647575e-03
  1.3647575e-03
  1.3647575e-03
  1.3647575e-03
